14617064
19304936
17468209
17204643
16157880
15918877
16157880
14701922
15860015
18431481
19403948
15118859
15860015
15118859
17194765
16176952
15860015
16176952
20164142
15860015
16176952
9298904
16407152
16326927
16326927
15860015
16361392
8211181
9215635
12644673
15075400
20190093
11891244
18212027
18441338
11891244
16272429
15448272
12366800
16172137
18721314
19409419
19704469
10972893
19188277
10972893
15860015
12177474
9617812
12514239
14617064
11240919
20202167
19923239
20107026
18452589
15860015
14871314
15064386
18266920
15860015
18266920
10631260
18603613
15860015
11971136
16040633
15939664
16293760
17725549
18705666
19143996
19578402
20086190
19884248
19734435
19493960
18984676
17360696
16905657
15797025
14615598
12815100
11739776
19251905
17360696
15919093
15797025
14615598
11739776
11240919
15860015
20442372
11230571
14617064
12070171
15860015
16157655
15860015
16157655
12114572
15860015
16157655
14617064
12070171
12114572
16040659
15860012
19773385
15860015
16157655
19074627
14617064
15860015
8518555
14617064
20202167
15860015
14617064
18573194
20238146
12164812
DOI:10.1111/j.1365-3040.2003.01158.x
11230571
DOI:10.1111/j.1365-3040.2003.01158.x)
18705666
9375397
15860015
14617064
11230571
15860015
10798613
12366800
DOI: 10.1111/j.1365-3040.2003.01158.x
17722694
15860015
12366806
12671091
8570648
17971041
11487692
17951458
17895586
17346265
15894742
15659436
11874909
18538804
18552353
19309463
17355433
18978034
19329564
16034597
15295076
12947053
14617064
11726650
16517759
18816164
17971039
12826620
9611176
14630968
11169190
19251906
19251906
15860015
18799749
16698944
12472687
12119377
9449673
18721312
19854800
7912435
15860015
19229035
19229035
20113437
15860015
16640597
15860015
18443413
15860015
19726570
17369373
11722756
12000796
18705666
17722694
15860015
17722694
11722756
11722756
15860015
12226488
11485201
17709752
16920876
12598574
18643938
11080286
16667508
19036837
17513504
10368178
1672445
19153258
19854860
19825007
19567707
12953113
19021865
11788769
9479033
14670373
11080306
10476060
19021891
17293434
1902189
17293434
1993181
19188277
7784506
15100396
19453447
19417056
17895586
19703114
11432928
15604681
11432928
18330710
19825016
16668201
15918879
16668795
16669062
12060286
15574840
16222091
19123004
19439571
16778011
20217243
11971934
17175550
16927199
19052255
16377736
14581628
7894013
Expression of glutamine synthetase genes during natural seoescence of tomato leaves. PHYSIOLOGL\ PLANTARUM 97: 576-582. 1996
11278418
19903730
19574437
17124321
16831844
18705666
16698944
19052255
15118859
15860015
15118859
17194765
20442372
8220484
12226488
16361392
12644673
12070171
16176952
16326927
19923239
18643938
11726650
12114572
15860012
19773385
16157880
19074627
18573194
16640597
16272429
18266920
7912435
16667508
11912223
11169190
9298904
19854800
12953113
15075400
9298904
12324600
12366806
20107026
17895586
19229035
9351240
9215635
9375397
8211181
17293434
10476060
16927199
18212027
14871314
19574437
18816164
18441338
20190093
17287247
19229035
19229035
19251906
1993181
19188277
18443413
17124321
16831844
19453447
17468209
12366800
18978034
16407152
15295076
12164812
17971039
9351240
11487692
19703114
16778011
19417056
15918879
19439571
10972893
20202167
19304936
19726570
19036837
12671091
20238146
11971136
15100396
10368178
19309463
19188277
19903730
19021891
17293434
18452589
14630968
15064386
14615598
17369373
11722756
12000796
