11971136;16040633;15939664;16293760;17725549;18705666;19143996;19578402
18978034
12164812
11487692;17951458;17895586;17346265;15894742;15659436;11874909
12953113
12366800;16172137;18721314;19409419;19704469
20086190;19884248;19734435;19493960;18984676;17360696;16905657;15797025;14615598;12815100;11739776
19251905;17360696;15919093;15797025;14615598;11739776
7784506;15100396
15075400
16272429;15448272
14617064
19304936
18799749;16698944;12472687;12119377;9449673
16668201;15918879;16668795;16669062;12060286;15574840;16222091;19123004
16778011
8058836
19229000
19229000
16668201;15918879;16668795;16669062;12060286;15574840;16222091;19123004
10368178;1672445;19153258;19854860;19825007;19567707
17124321;16831844
17175550
17175550
17175550
17175550
16927199
17722694;15860015
17369373
17369373
11722756;12000796;18705666;17722694;15860015
17722694;15860015
19229035;20113437;15860015
19229035
19229035
19229035
19229035
8211181
9215635
16640597;15860015
17971039
16407152
16176952;15860015
11230571
11230571
11230571;15860015
11230571
10972893
16407152
12366806
11230571
11230571;14617064
12070171;15860015
16176952;20164142;15860015
10798613
11230571
12671091;8570648;17971041
19329564
10972893
17709752
17204643;17709752
17468209;17204643
16176952
17709752
17513504
17709752
17709752
17709752
17709752
11278418
11726650
19453447
19309463
18452589
18266920;15860015
18266920
16157880
9298904
9298904
14871314
9375397
10476060
10631260;18603613;15860015
20190093;11891244
19251906
19036837
12226488
19074627
19074627
15064386
16920876
7894013
12177474
18212027
12598574
12598574
12598574
12598574
11971934
19825016
19703114;11432928;15604681
18643938;11080286
18441338
16034597
18538804
11891244
11891244
16517759
15918877;16157880
16034597
16157655;15860015
16157655
16157655
16157655
16157655
16157655;15860015
18431481;19403948
11230571
11485201
12114572;15860015
14617064
16157655;14617064
17722694
11722756
11722756
8518555;14617064
11240919;15860015
14701922;16113212;15860015
12070171;12114572;16040659
18552353
17355433
19903730
19903730
15860012
19417056
7912435;15860015
19726570
16157655
11788769
11080306
9617812;12514239;14617064
11432928
9479033;14670373
19773385
19773385
12826620;9611176;14630968
11891244
15118859
15860015
15118859
15118859
11891244
11240919
10972893
1993181;19188277
19188277;10972893;15860015
19251906;15860015
16326927
16326927;15860015
16326927;15860015
16326927;15860015
16326927
16326927;15860015
11169190
15295076
12644673
18816164
18816164
18816164
18816164
16361392
16361392
19854800
19052255
19574437
12947053;14617064
11722756;15860015
15860015
18721312
18721312
18721312
18721312
18721312
18721312
18721312
18721312
18721312
18721312
18721312
18721312
18721312
18721312
18721312
18721312
18721312
18721312
18721312
18721312
18721312
18721312
18721312
18721312
18721312
18721312
18721312
18721312
18721312
18721312
18721312
18721312
18721312
18721312
18721312
18721312
18721312
18721312
18721312
18721312
18721312
18721312
18721312
18721312
18721312
18721312
18721312
18721312
18721312
18721312
18721312
18721312
18721312
18721312
18721312
18721312
18721312
18721312
18721312
18721312
18721312
18721312
18721312
18721312
18721312
18721312
15860015
15860015
15860015
15860015
15860015;15118859;17194765
15860015
15860015
15860015
15860015
15860015
15860015
15860015
15860015
15860015
15860015
15860015
15860015
15860015
15860015
15860015
15860015
15860015
15860015
15860015
15860015
15860015
15860015
15860015
15860015
15860015
15860015
15860015
15860015
15860015
15860015
15860015
15860015
15860015
15860015
15860015
15860015
15860015
15860015
15860015
15860015
15860015
15860015
15860015
15860015
15860015
15860015
15860015
15860015
15860015
15860015
15860015
15860015
15860015
15860015
15860015
15860015
15860015
15860015
15860015
15860015
15860015
15860015
15860015
15860015
15860015
15860015
15860015
1
15860015
15860015
15860015
15860015
15860015
15860015
15860015
15860015
15860015
14617064
14617064
14617064;15860015
14617064;15860015
14617064
14617064
14617064
14617064;15860015
14617064
14617064
14617064
14617064
14617064
14617064
14617064
14617064
14617064;15860015
14617064
14617064
14617064
14617064
14617064
14617064
14617064
14617064
14617064
14617064
14617064;15860015
14617064
14617064
14617064
14617064
14617064
14617064
14617064
14617064
14617064
14617064
14617064
14617064
14617064
14617064
14617064
14617064
14617064
14617064
14617064
14617064
14617064
14617064
14617064
14617064
14617064;15860015
14617064
14617064
14617064
14617064
14617064
14617064
14617064
14617064
14617064
14617064
14617064;15860015
14617064;15860015
14617064
14617064
14617064
14617064
14617064
14617064;18573194
14617064
14617064
14617064
14617064
14617064
14617064
14617064
14617064
14617064
14617064;15860015
14617064
14617064
14617064
14617064;15860015
14617064
14617064
14617064
14617064
14617064
14617064
14617064
14617064
14617064;15860015
14617064
14617064
14617064
14617064
14617064
14617064
14617064
20238146
20217243
20202167;15860015
15860015
20202167
20202167
20202167
19923239
19923239
19021891;17293434
1902189;17293434
14581628
18330710
18330710
18330710
18330710
18330710
18330710
18330710
18330710
18330710
18330710
18330710
18330710
18330710
18330710
18330710
18330710
18330710
18330710
18330710
18330710
18330710
18330710
18330710
18330710
18330710
18330710
18330710
18330710
18330710
18330710
18330710
18330710
18330710
18330710
18330710
18330710
18330710
18330710
18330710
18330710
18330710
18330710
18330710
18330710
18330710
18330710
18330710
18330710
18330710
18330710
18330710
18330710
18330710
18330710
18330710
18330710
18330710
18330710
18330710
18330710
18330710
18330710
18330710
18330710
18330710
18330710
18330710
18330710
18330710
18330710
18330710
18330710
18330710
18330710
18330710
18330710
18330710
18330710
18330710
18330710
18330710
18330710
18330710
18330710
18330710
18330710
18330710
18330710
18330710
18330710
18330710
19021865
19021865
19021865
19021865
19021865
19021865
19021865
19021865
19021865
19021865
19021865
19021865
19021865
19021865
19021865
19021865
19021865
19021865
19021865
19021865
19021865
19021865
19021865
19021865
19021865
19021865
19021865
19021865
19021865
19021865
19021865
0
0
0
15860015
0
0
0
15860015
0
15860015
0
15860015
0
0
15860015
0
0
0
0
0
0
0
0
9106506
0
0
0
0
0
0
0
0
0
0
0
0
0
0
0
0
0
0
0
0
0
0
0
0
0
0
0
15860015
0
0
15860015
0
0
0
0
0
0
0
0
0
0
0
0
0
0
0
0
0
9106506
15860015
0
0
0
0
0
0
0
0
0
0
9106506;8058836
19439571
8058836
1
9106506;8058836
9106506
12690200
15860015
8058836
8187175;11149948;16387834
15860015
9106506
9106506;8058836
9106506
9106506
20826506
20442372
20107026
12366800
12366800;20429919
16377736
18705666
18705666
18705666
16667508
17895586
18443413;15860015
16377736
16377736
16377736
15860015
15860015
15860015
15860015
15860015
15860015
15860015
15860015
15860015
15860015
15860015
15860015
15860015
15860015
15860015
15860015
15860015
15860015
15860015
15860015
15860015
15860015
15860015
15860015
15860015
15860015
15860015
15860015
15860015
15860015
15860015
15860015
15860015
15860015
15860015
15860015
15860015
15860015
15860015
15860015
15860015
15860015
15860015
15860015
15860015
15860015
15860015
15860015
15860015
15860015
15860015
15860015
15860015
15860015
15860015
15860015
15860015
15860015
15860015
15860015
15860015
15860015
15860015
15860015
15860015
15860015
15860015
15860015
15860015
15860015
15860015
15860015
15860015
15860015
15860015
15860015
15860015
15860015
15860015
15860015
15860015
15860015
15860015
15860015
15860015
15860015
15860015
15860015;16157655
15860015
15860015
15860015
15860015
15860015
15860015
15860015
15860015
15860015
15860015
15860015
15860015
15860015
15860015
15860015
15860015
15860015
15860015
15860015
15860015
15860015
15860015
15860015
15860015
15860015
15860015
15860015
15860015
15860015
15860015
15860015
15860015
15860015
15860015
15860015
15860015
15860015
15860015
15860015
15860015
15860015
15860015
15860015
15860015
15860015
15860015
15860015
15860015
15860015
15860015
15860015
15860015
15860015
15860015
15860015
15860015
15860015
15860015
15860015
15860015
15860015
15860015
15860015
15860015
15860015
15860015
15860015
15860015
15860015
15860015
15860015
15860015
15860015
15860015
15860015
15860015
15860015
15860015
15860015
15860015
15860015
15860015
15860015
15860015
15860015
15860015
15860015
15860015
15860015
15860015
15860015
15860015
15860015
15860015
15860015
15860015
15860015
15860015
15860015
15860015;14617064
15860015
15860015
15860015
15860015
15860015
15860015
15860015
15860015
15860015
15860015
15860015
15860015;0
15860015
15860015
0;15860015
15860015
15860015
9106506
15860015
15860015
15860015
15860015
15860015
15860015
15860015
15860015
15860015
15860015
15860015
15860015
15860015
15860015
15860015
15860015
15860015
15860015
15860015
15860015
15860015
15860015
15860015
15860015
15860015
15860015
15860015;14617064
15860015
15860015
15860015
15860015
15860015
15860015
15860015
15860015
15860015
15860015
15860015
15860015
15860015
15860015
15860015
15860015
15860015
15860015
15860015
15860015
15860015
15860015
15860015
15860015
15860015
15860015
15860015
15860015
15860015
15860015
15860015
15860015
15860015
15860015
15860015
15860015
15860015
15860015
15860015
15860015
15860015
15860015
15860015
15860015
15860015
15860015
15860015
15860015
15860015
15860015
15860015
15860015
15860015
15860015
15860015
15860015
15860015
15860015
15860015
15860015
15860015
15860015
15860015
15860015
15860015
9106506;8058836
9106506
15860015
15860015
15860015
15860015
15860015
15860015
15860015
15860015
15860015
15860015
15860015
15860015
15860015
15860015
15860015
15860015
15860015
15860015
15860015
15860015
15860015
15860015
15860015
15860015
15860015
15860015
15860015
15860015
15860015
15860015
15860015
15860015
15860015
15860015
15860015
15860015
15860015
15860015
15860015
15860015
15860015
15860015
15860015
15860015
15860015
15860015
15860015
15860015
15860015
15860015
15860015
15860015
15860015
15860015
15860015
15860015
15860015
15860015
15860015
15860015
15860015
15860015
15860015
15860015
15860015
15860015
15860015
15860015
15860015
15860015
15860015
15860015
15860015
15860015
15860015
15860015
15860015
15860015
15860015
15860015
15860015
15860015
15860015
15860015
15860015
15860015
15860015
15860015
15860015
15860015
15860015
15860015
15860015
15860015
15860015
15860015
15860015
15860015
15860015
15860015
15860015
15860015
15860015
15860015
15860015
15860015
15860015
15860015
15860015
15860015
15860015
15860015
15860015
15860015
15860015
15860015
15860015
15860015
15860015
15860015
15860015
15860015
15860015
15860015
15860015
15860015
15860015
15860015
15860015
15860015
15860015
15860015
15860015
15860015
15860015
15860015
15860015
15860015
15860015
15860015
15860015
15860015
15860015
15860015
15860015
15860015
15860015
15860015
15860015
15860015
15860015
15860015
15860015
15860015
15860015
15860015
15860015
15860015
15860015
15860015
15860015
15860015
15860015
15860015
15860015
15860015
15860015
15860015
15860015
15860015
17895586
18443413
18443413
17287247;19229035
19229035
17287247;19229035
17287247;19229035
18816164
1993181;19188277
17124321;16831844
12366800
12366800;20429919
12366800
18978034
15295076
17971039
17971039
17971039
17369373
10972893
10972893
19304936
19903730
19903730
19021891;17293434
8220484
18441338
18441338
19309463
19309463
19188277
14615598
11722756;12000796
17369373
17369373
18705666
18705666
18705666
18705666
18705666
18705666
16667508;11912223
9351240;11487692
20190093
16640597
19251906
19251906
17369373
17468209
20442372
20442372
19036837
19251906
19251906
19251906
19251906
19074627
20107026
17287247;19229035
17287247;19229035
19229035
8211181
12366806
16927199
16361392
16361392
16361392
16361392
16361392
16361392
16361392
16361392
16407152
19773385
19773385
16272429
19052255
15118859
15118859
15860015;15118859;17194765
12226488
12070171
16326927
19923239
19923239
19923239
19923239
19923239
11726650
12114572
19854800
9298904
16361392
9298904;12324600
12953113
15075400
9215635
18212027
19439571
19439571
16778011
16778011
17369373
19229035;9351240
16176952
16176952
16176952
16176952
16176952
16176952
12164812
12644673
18452589
14871314
15064386
18266920
11971136
11971136
15860012
20202167
18573194
20238146
18643938
10368178
10476060
19453447
19417056
19417056
15918879
19703114

19574437
17293434
15100396
15100396
19726570
16640597
7912435


16698944
16698944
14630968
11169190
12671091
9375397
16157880
19703114
17709752
8187175;11149948;16387834
20826506
20826506
12690200
19229000
